%general config file for direct detection data

% wm drift model
%format: unix time, offset
wm_offset = [
    1.563278643754e9,-0.71111273765563965
    1.563183199886e9,-1.1711589097976685
    1.563115846138e9,-1.7073591947555542
    1.563016150706e9,-0.57892698049545288
    1.562861326011e9,-3.2293498516082764
    1.562724583967e9,-1.4483662247657776
    1.5637490316e9,-1.85798978805542
];

%data directories we wish to use for the final graph and value
data_dirs = {'Z:\EXPERIMENT-DATA\2019_Forbidden_Transition\20190713_forbidden427_direct_det_narrow\'
    'Z:\EXPERIMENT-DATA\2019_Forbidden_Transition\20190710_forbidden427_direct_det_narrow_dither_on\'
    'Z:\EXPERIMENT-DATA\2019_Forbidden_Transition\20190710_forbidden427_direct_det\'
    'Z:\EXPERIMENT-DATA\2019_Forbidden_Transition\20190716_forbidden_Rf_2.00\'
    'Z:\EXPERIMENT-DATA\2019_Forbidden_Transition\20190721_weekend_run\'
    'Z:\EXPERIMENT-DATA\2019_Forbidden_Transition\20190716_forbidden_Rf_2.05\'
    'Z:\EXPERIMENT-DATA\2019_Forbidden_Transition\20190715_forbidden_427_narrow_scan_missed\'
    };